001
002
003
004
005
006
008
011
012
013
014
015
016
017
019
020
021
022
023
024
025
026
027
028
029
030
031
033
034
035
038
039
040
041
042
043
045
047
048
050
051
052
053
054
055
056
057
058
059
060
061
062
064
065
066
067
068
069
070
071
072
073
074
075
076
077
078
079
081
082
083
084
085
086
087
088
089
091
092
093
094
095
096
099
100
101
102
104
105
106
107
108
109
110
111
112
114
116
117
119
120
121
122
123
124
126
127
128
129
130
131
132
133
134
136
137
138
140
141
142
145
146
147
148
151
153
154
156
157
158
160
161
163
164
165
166
170
171
173
174
175
176
177
178
179
180
182
183
184
185
186
187
188
189
191
192
193
194
195
196
197
198
199
200
201
202
203
204
205
207
208
210
211
215
216
217
218
220
221
223
224
227
228
229
230
231
232
234
235
237
238
240
241
243
244
245
246
247
248
249
251
252
253
256
257
258
260
261
262
264
265
266
267
268
269
279
293
297
298
300
301
302
303
304
