1081-128618-0013_27-324   14207 4 102911 194651 195698 5411 111963 24444
1081-128618-0008_405-891   125608 172722 124782 173874 190181 4 174440 124782 114100 130161
1081-128618-0009_1323-1465   173045 66439 175861 62546
1081-128618-0012_27-404   139178 174349 86219 175861 62762 169790 196099 156870 40746
1081-128618-0011_27-702   173045 66439 175861 62546 1305 175861 198603 124782 65278 53704 14020 196099 4 91337 158505 124782 176922 172708 166449 124782 24444
1081-128618-0007_0-729   5411 141994 88672 4 168273 129136 196099 4 31588 125657 35175 183582 178313 130161 4 134911 124782 153385 5411 55931 194651 195698 178313 39077
1081-128618-0011_702-1269   22191 178313 175861 20800 76098 4 50654 129757 128307 138358 175861 62686 5411 161789
1081-128618-0009_648-1323   5411 178313 4 63760 194332 22755 9376 4 135081 124782 13845 167239 5411 37437 186516 176327 168569 36775
1081-128618-0009_351-648   38672 178501 65278 172708 166449 124782 24444
1081-128618-0009_54-351   19145 64424 174938 114412 169115 5411 37469
1081-128618-0010_27-1204   9376 175861 169115 190181 175861 14020 198603 124782 161986 53704 5411 182873 172723 124782 73321 83037 139778 4 19149 138350 127711 175861 62686 5411 158335 132399 125334 167421
1081-128618-0001_27-567   156870 196099 153385 5411 132299 47682 86219 53685 5411 38033 5411 66221 44447 59463
1081-128618-0006_702-1160   24389 4233 178313 175861 154644 4 172722 124782 24444 5411 73321 123638
1081-128618-0003_27-297   39496 5411 158335 196099 128302 154644
1081-128618-0002_0-675   169115 175861 102664 176330 196099 24444 5411 63729 156870 178313 174013 138350 127711 175861 62686 5411 161789
1081-128618-0004_864-1376   1305 76523 4 41295 124782 31588 118863 5411 37443 64424 62860 114412
1081-128618-0003_594-1590   141994 182873 99109 33029 132399 88672 4 154648 194419 178313 31579 175372 178313 175861 166581 124782 130161 4 161354 74516 175861 162806 125657 5411 4 134911 124782 153385
1081-128618-0002_810-1566   19149 132399 196099 128302 154644 139178 33034 175861 62686 5411 161432 186516 43759 88160 5411 1029 192823
1081-128618-0008_54-405   141994 88672 4 154648 125608 172722 124782 117615 190181
1081-128618-0011_1323-1482   11584 132704
1081-128618-0005_621-1196   9376 4 172722 24444 5411 4 181590 124782 182873 100757 138350 127711 175861 62686 5411 158335
1081-128618-0005_27-621   37437 194332 4 172722 131225 124782 24444 5411 63729 176331 178501 173045 66439 175861 62546
1081-128618-0004_351-567   39496 5411 94051 192479
1081-128618-0007_729-927   161432 64424 62088 114412
1081-128618-0006_0-648   178313 194419 78075 14491 1311 179024 37443 27404 5411 118863 5411 4 172722 124782 114100 130161
1081-128618-0004_27-351   39077 196099 194651 195698 5411 161432 64424 182743 114412
1081-128618-0013_324-472   132399 153155
1081-128618-0004_567-864   173045 127347 175861 125657 130161 5411 28702 151403
1081-128618-0008_891-1350   4 163181 31588 125657 175861 14939 5411 64424 132299 28306
1081-128618-0003_324-567   132399 4128 124782 114115
1081-128618-0000_27-918   33034 175861 62686 47712 63760 175730 86219 14015 110992 59497 40746 5411 66630 86219 136057 124782 60493 179971 68246 196099 100752 5411 130161
