1081-128618-0000_27-108 3 
1081-128618-0000_108-189 175861 3 
1081-128618-0000_189-918 8815 111012 178313 176419 175810 86219 40746 5411 66630 86219 3 60493 14692 68248 196099 64381 5411 130161 
1081-128618-0001_27-162 156870 196099 153385 
1081-128618-0001_189-216 2573 
1081-128618-0001_216-588 64142 5411 66148 63265 
1081-128618-0002_27-567 187410 124782 175861 43966 124782 3 
1081-128618-0002_810-1080 19149 132399 196099 128302 154644 
1081-128618-0002_1080-1215 175372 86219 136411 
1081-128618-0002_1215-1539 161568 175640 
1081-128618-0003_27-891 39496 5411 158335 196099 81993 63404 4 176457 124782 3 
1081-128618-0003_891-1026 62860 
1081-128618-0003_1134-1242 3 
1081-128618-0003_1269-1590 175861 3 5411 3 5411 3 
1081-128618-0004_27-864 39077 192782 175861 195584 5411 3 175861 114405 63156 63378 124794 
1081-128618-0004_918-945 3 
1081-128618-0004_972-1053 135503 
1081-128618-0004_1053-1375 119160 3 63132 3 114405 
1081-128618-0005_27-729 1128 34603 3 127307 176331 178313 63279 
1081-128618-0005_729-756 125013 
1081-128618-0005_756-783 3 
1081-128618-0005_972-999 126098 
1081-128618-0005_999-1196 3 3 5411 63130 
1081-128618-0006_0-810 176496 165799 1311 33992 178313 4 63130 23542 3 191028 
1081-128618-0006_864-1026 84746 65198 
1081-128618-0006_1026-1159 144527 176401 
1081-128618-0007_54-216 177124 
1081-128618-0007_216-567 43966 72524 
1081-128618-0007_567-864 84746 176795 124782 
1081-128618-0008_54-405 141994 88672 4 154648 125608 178313 166448 117615 175861 121864 
1081-128618-0008_405-675 125608 172722 125555 190181 
1081-128618-0008_702-1357 3 113506 117615 175861 175942 
1081-128618-0009_54-81 2573 
1081-128618-0009_81-108 3 
1081-128618-0009_108-351 5411 63410 5411 37469 
1081-128618-0009_351-648 38672 64424 172708 43506 175861 192823 
1081-128618-0009_648-1188 24389 178313 4 63751 194332 21805 63296 63404 
1081-128618-0009_1188-1269 3 
1081-128618-0009_1323-1465 176133 
1081-128618-0010_27-702 84746 65198 3 126098 13845 120637 63573 5411 182873 172723 124782 73547 142471 
1081-128618-0010_702-1204 19145 175861 62686 5411 175493 3744 167421 
1081-128618-0011_27-1053 173045 66439 175861 62546 1305 175861 198603 124782 65278 53704 182850 176922 172708 174013 24389 63571 43966 178313 43966 
1081-128618-0011_1107-1134 3 
1081-128618-0011_1161-1481 84746 176795 175942 
1081-128618-0012_27-404 139178 135932 63533 196099 175861 74492 
1081-128618-0013_27-324 175861 63582 111963 24444 
1081-128618-0013_324-472 132405 11781 
