# Baseline results with tdnn_7k recipe
  cat exp/chain/tdnn_7k_sp/decode_eval2000_sw1_fsh_fg/score_*/*swbd.filt.sys | fgrep Sum | sort -k11,11 -g | head
  |  Sum/Avg    |  1831    21395  |  90.5     5.6      3.8      0.8     10.2     44.7  |
  |  Sum/Avg    |  1831    21395  |  90.6     5.7      3.8      0.8     10.2     44.5  |
  |  Sum/Avg    |  1831    21395  |  90.6     5.9      3.5      0.8     10.2     44.1  |
  |  Sum/Avg    |  1831    21395  |  90.7     5.9      3.5      0.9     10.2     44.1  |
  |  Sum/Avg    |  1831    21395  |  90.5     5.6      3.9      0.8     10.3     44.7  |
  |  Sum/Avg    |  1831    21395  |  90.6     5.9      3.6      0.8     10.3     44.2  |
  |  Sum/Avg    |  1831    21395  |  90.3     5.6      4.1      0.7     10.4     45.3  |
  |  Sum/Avg    |  1831    21395  |  90.3     5.6      4.1      0.7     10.4     45.3  |
  |  Sum/Avg    |  1831   21395  |  90.5      6.1      3.3     0.9     10.4     44.1  |
  |  Sum/Avg    |  1831   21395  |  90.5      6.2      3.3     1.0     10.4     44.1  |

# Results of the above system on EVAL2000

| Sum/Avg     | 4459    42989  | 85.0     8.5     6.4      1.2    16.2    53.1  |
| Sum/Avg     | 4459    42989  | 85.0     8.5     6.5      1.2    16.2    53.1  |
| Sum/Avg     | 4459   42989  | 85.1      9.0     5.9     1.4    16.2    53.2  |
| Sum/Avg     | 4459    42989  | 84.9     8.5     6.6      1.2    16.3    53.2  |
| Sum/Avg     | 4459   42989  | 85.0      8.9     6.0     1.3    16.3    53.3  |
| Sum/Avg     | 4459   42989  | 85.0      8.9     6.1     1.3    16.3    53.3  |
| Sum/Avg     | 4459   42989  | 85.1      9.3     5.6     1.5    16.3    53.1  |
| Sum/Avg     | 4459   42989  | 85.2      9.3     5.5     1.5    16.3    53.1  |
| Sum/Avg     | 4459   42989  | 85.2      9.3     5.5     1.5    16.3    53.1  |
| Sum/Avg     | 4459    42989  | 84.6     8.3     7.1      1.1    16.5    53.7  |


# Results with tdnn_8k 

|  Sum/Avg     |  1831     21395   |  90.5       5.8       3.7       0.8      10.3      44.1   |
|  Sum/Avg     |  1831     21395   |  90.4       5.7       3.8       0.8      10.4      44.2   |
|  Sum/Avg     |  1831     21395   |  90.4       5.7       3.9       0.8      10.4      44.1   |
|  Sum/Avg     |  1831     21395   |  90.5       5.9       3.6       0.9      10.4      44.2   |
|  Sum/Avg     |  1831     21395   |  90.5       6.0       3.5       0.9      10.4      44.0   |
|  Sum/Avg     |  1831     21395   |  90.5       6.0       3.5       0.9      10.4      44.0   |
|  Sum/Avg     |  1831     21395   |  90.3       5.6       4.1       0.8      10.5      44.3   |
|  Sum/Avg     |  1831     21395   |  90.5       6.1      3.3       1.0      10.5      44.2   |
|  Sum/Avg     |  1831     21395   |  90.6       6.2      3.2       1.1      10.5      44.1   |
|  Sum/Avg     |  1831     21395   |  90.6       6.2      3.3       1.0      10.5      44.2   |

# Results of the above system on EVAL2000
# cat score_*/*ctm.filt.sys | fgrep Sum | sort -k11,11 -g | head

|  Sum/Avg     |  4459    42989   |  85.2      9.0      5.8      1.4      16.2     54.0  |
|  Sum/Avg     |  4459    42989   |  85.3      9.1      5.7      1.4      16.2     53.8  |
|  Sum/Avg     |  4459    42989   |  85.3      9.4      5.3      1.5      16.2     53.9  |
|  Sum/Avg     |  4459    42989   |  85.3      9.5      5.2      1.5      16.2     53.9  |
|  Sum/Avg     |  4459     42989  |  84.9      8.7       6.4      1.2     16.3      54.1  |
|  Sum/Avg     |  4459    42989   |  85.1      9.0      5.9      1.4      16.3     54.0  |
|  Sum/Avg     |  4459    42989   |  85.2      9.4      5.4      1.5      16.3     54.0  |
|  Sum/Avg     |  4459     42989  |  84.7      8.7       6.6      1.2     16.4      54.2  |
|  Sum/Avg     |  4459     42989  |  84.8      8.7       6.5      1.2     16.4      54.1  |
|  Sum/Avg     |  4459     42989  |  84.4      8.4       7.2      1.1     16.7      54.5  |

