0 0
1 1
2 2
3 3
4 4
5 5
6 6
7 7
8 8
9 9
10 10
11 11
12 12
13 13
14 14
15 15
16 16
17 17
18 18
19 19
20 20
21 21
22 22
23 23
24 24
25 25
26 26
27 27
28 28
29 29
30 30
31 31
32 32
33 33
34 34
35 35
36 36
37 37
38 38
39 39
40 40
41 41
42 0
43 0
44 3
45 0
46 0
47 9
48 3
49 6
50 40
51 27
52 38
53 9
54 11
55 26
56 32
57 7
58 37
59 24
60 5
61 20
62 29
63 37
64 11
65 28
66 38
67 32
68 28
69 5
70 5
71 15
72 38
73 12
74 40
75 10
76 41
77 31
78 7
79 3
80 33
81 31
82 6
83 32
84 13
85 6
86 12
87 38
88 15
89 34
90 20
91 40
92 16
93 5
94 31
95 31
96 27
97 28
98 33
99 40
100 10
101 32
102 24
103 26
104 32
105 30
106 13
107 32
108 29
109 3
110 41
111 41
112 34
113 32
114 9
115 32
116 7
117 10
118 28
119 19
120 38
121 26
122 27
123 35
124 3
125 6
126 29
127 6
128 20
129 17
130 38
131 35
132 16
133 29
134 28
135 10
136 31
137 28
138 9
139 38
140 32
141 34
142 7
143 38
144 31
145 32
146 32
147 5
148 33
149 25
150 32
151 7
152 28
153 31
154 14
155 40
156 27
157 7
158 13
159 20
160 33
161 32
162 37
163 4
164 9
165 8
166 30
167 36
168 22
169 33
170 27
171 32
172 5
173 15
174 41
175 29
176 5
177 38
178 19
179 6
180 40
181 5
182 29
183 38
184 41
185 28
186 37
187 7
188 6
189 40
190 29
191 5
192 29
193 37
194 18
195 20
196 40
197 20
198 3
199 20
200 32
201 3
202 32
203 14
204 40
205 10
206 26
207 6
208 16
209 38
210 7
211 25
212 3
213 41
214 38
215 27
216 30
217 20
218 31
219 6
220 9
221 34
222 5
223 7
224 31
225 17
226 40
227 25
228 26
229 16
230 6
231 7
232 31
233 9
234 8
235 11
236 28
237 6
238 3
239 13
240 32
241 15
242 38
243 4
244 3
245 18
246 20
247 28
248 32
249 37
250 7
251 3
252 31
253 27
254 32
255 38
256 4
257 28
258 34
259 3
260 5
261 29
262 40
263 29
264 32
265 6
266 10
267 28
268 26
269 24
270 9
271 31
272 16
273 32
274 33
275 6
276 3
277 24
278 7
279 11
280 39
281 31
282 40
283 26
284 38
285 41
286 36
287 38
288 33
289 41
290 7
291 9
292 6
293 40
294 5
295 13
296 6
297 5
298 7
299 40
300 12
301 3
302 27
303 28
304 5
305 5
306 22
307 20
308 32
309 26
310 2
311 5
312 5
313 32
314 27
315 7
316 14
317 7
318 29
319 5
320 20
321 28
322 26
323 34
324 36
325 28
326 15
327 27
328 13
329 15
330 37
331 20
332 13
333 16
334 9
335 13
336 6
337 28
338 33
339 11
340 32
341 24
342 26
343 7
344 8
345 38
346 37
347 5
348 20
349 38
350 32
351 16
352 32
353 3
354 32
355 41
356 15
357 31
358 15
359 33
360 30
361 31
362 30
363 26
364 32
365 41
366 11
367 31
368 40
369 28
370 11
371 28
372 32
373 6
374 24
375 32
376 34
377 34
378 36
379 33
380 25
381 24
382 28
383 31
384 4
385 38
386 5
387 36
388 32
389 9
390 38
391 20
392 25
393 23
394 40
395 5
396 31
397 4
398 38
399 29
400 5
401 31
402 31
403 6
404 37
405 7
406 4
407 24
408 24
409 16
410 7
411 31
412 32
413 3
414 4
415 41
416 35
417 26
418 26
419 5
420 40
421 26
422 41
423 3
424 5
425 32
426 32
427 28
428 3
429 5
430 3
431 10
432 26
433 20
434 25
435 29
436 29
437 38
438 24
439 26
440 26
441 7
442 41
443 32
444 32
445 6
446 15
447 31
448 24
449 41
450 33
451 14
452 15
453 5
454 32
455 5
456 5
457 37
458 37
459 9
460 4
461 5
462 41
463 33
464 31
465 5
466 10
467 38
468 41
469 22
470 7
471 20
472 30
473 29
474 11
475 26
476 8
477 39
478 34
479 25
480 11
481 39
482 32
483 24
484 7
485 27
486 29
487 30
488 30
489 11
490 6
491 10
492 15
493 31
494 32
495 5
496 10
497 28
498 11
499 40
500 32
501 28
502 9
503 36
504 32
505 19
506 27
507 32
508 30
509 3
510 32
511 32
512 27
513 28
514 5
515 8
516 37
517 13
518 16
519 5
520 31
521 41
522 37
523 40
524 5
525 12
526 20
527 29
528 33
529 25
530 7
531 2
532 35
533 32
534 38
535 26
536 26
537 24
538 20
539 37
540 26
541 31
542 7
543 16
544 33
545 7
546 11
547 6
548 3
549 41
550 34
551 13
552 40
553 34
554 7
555 31
556 32
557 29
558 32
559 16
560 6
561 34
562 4
563 32
564 15
565 13
566 25
567 16
568 32
569 38
570 38
571 13
572 25
573 6
574 19
575 37
576 32
577 8
578 20
579 21
580 6
581 32
582 5
583 32
584 37
585 31
586 39
587 26
588 26
589 6
590 26
591 14
592 40
593 40
594 29
595 38
596 37
597 28
598 28
599 26
600 3
601 28
602 13
603 32
604 31
605 33
606 26
607 23
608 6
609 33
610 15
611 32
612 37
613 24
614 32
615 9
616 5
617 6
618 34
619 36
620 27
621 41
622 20
623 40
624 31
625 37
626 37
627 13
628 9
629 5
630 31
631 27
632 28
633 5
634 13
635 33
636 6
637 33
638 41
639 12
640 31
641 3
642 9
643 5
644 5
645 32
646 2
647 22
648 9
649 29
650 5
651 3
652 14
653 24
654 24
655 40
656 40
657 41
658 5
659 13
660 11
661 26
662 26
663 37
664 6
665 40
666 33
667 33
668 32
669 9
670 20
671 36
672 33
673 28
674 34
675 15
676 34
677 32
678 33
679 33
680 40
681 40
682 7
683 28
684 5
685 13
686 3
687 20
688 3
689 38
690 41
691 28
692 26
693 31
694 5
695 32
696 32
697 14
698 27
699 6
700 6
701 32
702 28
703 34
704 14
705 6
706 22
707 9
708 5
709 31
710 32
711 16
712 38
713 7
714 41
715 31
716 11
717 20
718 22
719 31
720 6
721 28
722 7
723 31
724 28
725 19
726 15
727 41
728 38
729 7
730 25
731 5
732 32
733 8
734 31
735 5
736 3
737 13
738 32
739 40
740 29
741 10
742 9
743 32
744 24
745 13
746 41
747 8
748 34
749 38
750 38
751 32
752 4
753 4
754 26
755 34
756 26
757 9
758 27
759 27
760 5
761 17
762 27
763 28
764 38
765 34
766 26
767 3
768 3
769 3
770 10
771 20
772 15
773 38
774 29
775 20
776 36
777 29
778 4
779 11
780 11
781 16
782 28
783 13
784 36
785 40
786 32
787 39
788 6
789 35
790 15
791 15
792 6
793 7
794 3
795 15
796 4
797 32
798 31
799 18
800 18
801 38
802 41
803 40
804 36
805 31
806 28
807 28
808 28
809 34
810 33
811 33
812 13
813 24
814 9
815 20
816 37
817 15
818 5
819 38
820 38
821 38
822 9
823 40
824 5
825 31
826 22
827 16
828 28
829 23
830 30
831 9
832 38
833 25
834 31
835 3
836 4
837 32
838 20
839 5
840 38
841 32
842 5
843 5
844 31
845 20
846 12
847 3
848 32
849 6
850 15
851 41
852 38
853 10
854 41
855 3
856 8
857 7
858 10
859 41
860 33
861 32
862 3
863 14
864 15
865 28
866 32
867 32
868 38
869 26
870 3
871 32
872 41
873 26
874 15
875 40
876 15
877 32
878 5
879 34
880 29
881 29
882 9
883 37
884 28
885 26
886 26
887 8
888 2
889 26
890 32
891 28
892 6
893 6
894 38
895 31
896 6
897 5
898 28
899 32
900 11
901 29
902 37
903 5
904 28
905 16
906 13
907 20
908 25
909 37
910 6
911 32
912 32
913 37
914 38
915 37
916 3
917 31
918 32
919 38
920 38
921 5
922 25
923 25
924 20
925 4
926 38
927 25
928 38
929 39
930 7
931 38
932 11
933 37
934 34
935 12
936 6
937 32
938 27
939 3
940 7
941 32
942 37
943 24
944 10
945 25
946 29
947 37
948 31
949 5
950 20
951 6
952 5
953 30
954 3
955 40
956 23
957 11
958 11
959 5
960 13
961 24
962 28
963 26
964 18
965 6
966 27
967 28
968 5
969 9
970 27
971 31
972 32
973 30
974 40
975 28
976 12
977 6
978 32
979 29
980 36
981 6
982 19
983 19
984 32
985 32
986 26
987 6
988 14
989 40
990 40
991 6
992 41
993 7
994 35
995 31
996 40
997 40
998 5
999 40
1000 9
1001 5
1002 15
1003 11
1004 41
1005 20
1006 20
1007 28
1008 28
1009 32
1010 35
1011 26
1012 32
1013 32
1014 9
1015 3
1016 34
1017 11
1018 3
1019 10
1020 33
1021 22
1022 20
1023 5
1024 5
1025 13
1026 17
1027 16
1028 41
1029 20
1030 31
1031 5
1032 32
1033 5
1034 8
1035 40
1036 5
1037 20
1038 15
1039 6
1040 24
1041 3
1042 15
1043 26
1044 32
1045 28
1046 11
1047 32
1048 7
1049 38
1050 30
1051 19
1052 33
1053 5
1054 32
1055 5
1056 16
1057 32
1058 4
1059 35
1060 37
1061 7
1062 28
1063 30
1064 12
1065 5
1066 7
1067 13
1068 16
1069 3
1070 37
1071 6
1072 38
1073 22
1074 23
1075 32
1076 9
1077 4
1078 8
1079 28
1080 37
1081 33
1082 14
1083 20
1084 28
1085 37
1086 32
1087 30
1088 24
1089 32
1090 3
1091 28
1092 27
1093 9
1094 31
1095 28
1096 20
1097 38
1098 5
1099 6
1100 41
1101 41
1102 38
1103 26
1104 32
1105 24
1106 10
1107 37
1108 41
1109 29
1110 26
1111 40
1112 11
1113 11
1114 33
1115 27
1116 29
1117 32
1118 26
1119 20
1120 8
1121 25
1122 31
1123 27
1124 6
1125 32
1126 3
1127 3
1128 6
1129 10
1130 28
1131 28
1132 27
1133 26
1134 32
1135 32
1136 40
1137 28
1138 37
1139 29
1140 37
1141 13
1142 39
1143 7
1144 20
1145 26
1146 29
1147 17
1148 7
1149 3
1150 31
1151 10
1152 15
1153 7
1154 33
1155 28
1156 4
1157 34
1158 37
1159 40
1160 16
1161 40
1162 28
1163 38
1164 28
1165 25
1166 29
1167 36
1168 40
1169 7
1170 31
1171 3
1172 24
1173 32
1174 28
1175 10
1176 10
1177 12
1178 32
1179 5
1180 10
1181 11
1182 3
1183 9
1184 6
1185 26
1186 31
1187 41
1188 20
1189 40
1190 18
1191 28
1192 28
1193 27
1194 29
1195 32
1196 36
1197 11
1198 20
1199 32
1200 20
1201 5
1202 13
1203 40
1204 10
1205 29
1206 29
1207 31
1208 40
1209 27
1210 31
1211 6
1212 35
1213 11
1214 6
1215 32
1216 38
1217 7
1218 6
1219 13
1220 28
1221 24
1222 25
1223 30
1224 9
1225 16
1226 5
1227 14
1228 32
1229 4
1230 40
1231 19
1232 32
1233 6
1234 31
1235 36
1236 5
1237 31
1238 32
1239 39
1240 11
1241 28
1242 31
1243 33
1244 28
1245 29
1246 41
1247 31
1248 32
1249 28
1250 5
1251 28
1252 38
1253 5
1254 32
1255 15
1256 7
1257 40
1258 3
1259 5
1260 26
1261 37
1262 6
1263 26
1264 37
1265 10
1266 29
1267 9
1268 31
1269 36
1270 5
1271 41
1272 33
1273 10
1274 20
1275 41
1276 30
1277 33
1278 33
1279 16
1280 8
1281 41
1282 33
1283 33
1284 25
1285 8
1286 35
1287 10
1288 36
1289 38
1290 41
1291 31
1292 23
1293 40
1294 5
1295 20
1296 7
1297 3
1298 37
1299 5
1300 4
1301 3
1302 6
1303 38
1304 35
1305 20
1306 33
1307 28
1308 12
1309 20
1310 14
1311 32
1312 3
1313 31
1314 7
1315 22
1316 34
1317 28
1318 4
1319 3
1320 20
1321 11
1322 28
1323 38
1324 20
1325 33
1326 29
1327 34
1328 15
1329 30
1330 23
1331 7
1332 8
1333 7
1334 5
1335 32
1336 9
1337 37
1338 22
1339 36
1340 26
1341 32
1342 5
1343 38
1344 38
1345 32
1346 31
1347 29
1348 7
1349 20
1350 3
1351 5
1352 26
1353 21
1354 9
1355 25
1356 31
1357 17
1358 28
1359 5
1360 32
1361 32
1362 32
1363 32
1364 35
1365 32
1366 11
1367 40
1368 5
1369 16
1370 38
1371 20
1372 28
1373 40
1374 36
1375 38
1376 4
1377 27
1378 26
1379 34
1380 41
1381 5
1382 9
1383 28
1384 35
1385 28
1386 32
1387 40
1388 38
1389 41
1390 13
1391 3
1392 10
1393 10
1394 9
1395 4
1396 28
1397 6
1398 5
1399 27
1400 40
1401 10
1402 31
1403 31
1404 20
1405 38
1406 15
1407 26
1408 33
1409 31
1410 32
1411 32
1412 32
1413 32
1414 5
1415 27
1416 40
1417 28
1418 17
1419 38
1420 33
1421 31
1422 34
1423 30
1424 28
1425 4
1426 9
1427 10
1428 27
1429 40
1430 34
1431 35
1432 38
1433 20
1434 20
1435 40
1436 38
1437 9
1438 27
1439 30
1440 24
1441 27
1442 5
1443 37
1444 13
1445 28
1446 32
1447 32
1448 3
1449 26
1450 5
1451 5
1452 11
1453 7
1454 38
1455 32
1456 22
1457 12
1458 26
1459 32
1460 31
1461 32
1462 40
1463 22
1464 37
1465 34
1466 36
1467 3
1468 36
1469 15
1470 41
1471 32
1472 31
1473 9
1474 9
1475 6
1476 13
1477 13
1478 28
1479 11
1480 28
1481 11
1482 25
1483 20
1484 13
1485 13
1486 26
1487 10
1488 28
1489 3
1490 41
1491 3
1492 10
1493 9
1494 38
1495 32
1496 40
1497 38
1498 9
1499 9
1500 11
1501 6
1502 15
1503 39
1504 32
1505 41
1506 10
1507 3
1508 40
1509 31
1510 28
1511 4
1512 26
1513 7
1514 28
1515 41
1516 25
1517 28
1518 26
1519 25
1520 6
1521 6
1522 28
1523 38
1524 16
1525 5
1526 37
1527 38
1528 6
1529 33
1530 14
1531 30
1532 40
1533 6
1534 11
1535 28
1536 3
1537 6
1538 3
1539 26
1540 26
1541 28
1542 26
1543 11
1544 31
1545 29
1546 6
1547 20
1548 38
1549 30
1550 15
1551 14
1552 38
1553 4
1554 27
1555 26
1556 28
1557 41
1558 20
1559 5
1560 5
1561 4
1562 32
1563 37
1564 32
1565 37
1566 31
1567 3
1568 23
1569 32
1570 9
1571 41
1572 10
1573 6
1574 16
1575 40
1576 7
1577 36
1578 4
1579 28
1580 38
1581 41
1582 34
1583 29
1584 33
1585 31
1586 29
1587 20
1588 6
1589 13
1590 4
1591 38
1592 27
1593 23
1594 38
1595 26
1596 13
1597 20
1598 32
1599 31
1600 5
1601 38
1602 17
1603 10
1604 16
1605 36
1606 31
1607 32
1608 32
1609 5
1610 1
1611 11
1612 32
1613 26
1614 3
1615 40
1616 34
1617 9
1618 32
1619 19
1620 32
1621 32
1622 40
1623 15
1624 33
1625 38
1626 3
1627 24
1628 22
1629 22
1630 31
1631 17
1632 31
1633 36
1634 41
1635 30
1636 12
1637 11
1638 27
1639 5
1640 7
1641 26
1642 40
1643 4
1644 12
1645 4
1646 29
1647 38
1648 38
1649 27
1650 24
1651 29
1652 32
1653 32
1654 23
1655 34
1656 41
1657 20
1658 11
1659 28
1660 5
1661 20
1662 4
1663 41
1664 3
1665 18
1666 27
1667 31
1668 38
1669 34
1670 13
1671 20
1672 26
1673 6
1674 36
1675 6
1676 31
1677 5
1678 28
1679 32
1680 32
1681 40
1682 26
1683 26
1684 32
1685 27
1686 6
1687 15
1688 32
1689 38
1690 25
1691 25
1692 26
1693 6
1694 27
1695 32
1696 3
1697 5
1698 32
1699 37
1700 28
1701 11
1702 9
1703 9
1704 37
1705 32
1706 29
1707 6
1708 5
1709 27
1710 24
1711 5
1712 6
1713 5
1714 27
1715 30
1716 32
1717 28
1718 15
1719 28
1720 34
1721 34
1722 23
1723 34
1724 31
1725 27
1726 29
1727 32
1728 16
1729 38
1730 36
1731 32
1732 13
1733 40
1734 3
1735 5
1736 30
1737 11
1738 28
1739 33
1740 19
1741 4
1742 3
1743 6
1744 9
1745 29
1746 28
1747 6
1748 6
1749 8
1750 26
1751 28
1752 38
1753 26
1754 32
1755 40
1756 36
1757 32
1758 27
1759 3
1760 7
1761 41
1762 32
1763 12
1764 5
1765 8
1766 16
1767 15
1768 15
1769 11
1770 5
1771 37
1772 40
1773 29
1774 15
1775 29
1776 5
1777 32
1778 32
1779 26
1780 41
1781 4
1782 20
1783 3
1784 3
1785 40
1786 6
1787 37
1788 24
1789 5
1790 38
1791 28
1792 27
1793 14
1794 10
1795 6
1796 15
1797 31
1798 32
1799 26
1800 32
1801 7
1802 32
1803 38
1804 40
1805 38
1806 16
1807 28
1808 6
1809 25
1810 39
1811 39
1812 41
1813 31
1814 32
1815 5
1816 25
1817 22
1818 15
1819 28
1820 41
1821 26
1822 3
1823 31
1824 8
1825 26
1826 32
1827 25
1828 20
1829 38
1830 38
1831 15
1832 20
1833 32
1834 32
1835 37
1836 31
1837 34
1838 31
1839 31
1840 6
1841 28
1842 38
1843 11
1844 37
1845 36
1846 28
1847 34
1848 24
1849 32
1850 41
1851 26
1852 31
1853 36
1854 6
1855 38
1856 33
1857 7
1858 9
1859 9
1860 39
1861 39
1862 32
1863 5
1864 31
1865 32
1866 27
1867 27
1868 32
1869 10
1870 30
1871 5
1872 15
1873 14
1874 6
1875 32
1876 38
1877 32
1878 9
1879 36
1880 11
1881 34
1882 32
1883 32
1884 41
1885 20
1886 6
1887 20
1888 32
1889 32
1890 28
1891 38
1892 7
1893 17
1894 31
1895 16
1896 25
1897 8
1898 27
1899 28
1900 16
1901 15
1902 4
1903 26
1904 20
1905 28
1906 28
1907 20
1908 6
1909 6
1910 37
1911 37
1912 34
1913 32
1914 30
1915 9
1916 12
1917 17
1918 38
1919 35
1920 16
1921 38
1922 41
1923 32
1924 39
1925 28
1926 16
1927 9
1928 17
1929 32
1930 26
1931 41
1932 34
1933 9
1934 31
1935 32
1936 10
1937 26
1938 22
1939 34
1940 32
1941 41
1942 7
1943 28
1944 11
1945 6
1946 41
1947 7
1948 26
1949 34
1950 41
1951 26
1952 20
1953 7
1954 31
1955 15
1956 6
1957 27
1958 4
1959 32
1960 26
1961 28
1962 10
1963 28
1964 28
1965 32
1966 19
1967 28
1968 7
1969 28
1970 41
1971 8
1972 11
1973 32
1974 20
1975 16
1976 38
1977 26
1978 11
1979 41
1980 27
1981 28
1982 28
1983 38
1984 8
1985 17
1986 17
1987 32
1988 38
1989 1
1990 34
1991 4
1992 22
1993 38
1994 16
1995 22
1996 32
1997 27
1998 22
1999 7
2000 36
2001 4
2002 8
2003 36
2004 35
2005 25
2006 12
2007 36
2008 23
2009 19
2010 19
2011 36
2012 23
2013 12
2014 8
2015 22
2016 8
2017 30
2018 12
2019 8
2020 18
2021 23
2022 30
2023 23
2024 12
2025 18
